local httpService = game:GetService('HttpService')
local Workspace = game:GetService("Workspace")
local Players = game:GetService("Players")


local player = Players.LocalPlayer

local autofarm_enabled = false
local autoclick_enabled = false
local autoclick_duration = 0.05

local HOVER_HEIGHT = 6
local IDLE_LIMIT = 40
local TELEPORT_IF_STUCK_TIME = 6

local lastPosition = nil
local stuckTime = 0

local IslandTeleports = {
    ["Mainland"] = {
        CFrame.new(665.936, 14.998, -201.439, 0.160052, 0.000000, 0.987109, 0.000000, 1.000000, -0.000000, -0.987109, 0.000000, 0.160052),
        CFrame.new(390.433, 19.315, -318.522, 0.433055, -0.000000, 0.901368, 0.000000, 1.000000, 0.000000, -0.901368, 0.000000, 0.433055),
        CFrame.new(361.149, 80.161, -536.547, 0.999545, -0.000000, 0.030152, 0.000000, 1.000000, -0.000000, -0.030152, 0.000000, 0.999545),
        CFrame.new(321.848, 21.772, -876.733, -0.212789, 0.000000, 0.977098, 0.000000, 1.000000, -0.000000, -0.977098, 0.000000, -0.212789),
        CFrame.new(217.005, 104.998, -612.001, -0.733737, -0.000000, -0.679433, -0.000000, 1.000000, -0.000000, 0.679433, -0.000000, -0.733737),
        CFrame.new(43.606, 14.998, -61.387, -0.917488, 0.000000, 0.397764, 0.000000, 1.000000, -0.000000, -0.397764, -0.000000, -0.917488),
        CFrame.new(433.122, 33.563, 39.955, 0.999795, 0.000000, -0.020224, -0.000000, 1.000000, 0.000000, 0.020224, -0.000000, 0.999795),
        CFrame.new(582.080, 22.779, 150.222, -0.422344, -0.000000, -0.906435, 0.000000, 1.000000, -0.000000, 0.906435, -0.000000, -0.422344),
        CFrame.new(861.912, 14.998, 216.408, -0.386769, 0.000000, 0.922177, -0.000000, 1.000000, -0.000000, -0.922177, -0.000000, -0.386769),
        CFrame.new(737.339, 14.998, 581.619, -0.876427, 0.000000, 0.481535, 0.000000, 1.000000, 0.000000, -0.481535, 0.000000, -0.876427),
        CFrame.new(508.405, 14.998, 816.679, -0.882457, 0.000000, 0.470393, 0.000000, 1.000000, -0.000000, -0.470393, -0.000000, -0.882457),
        CFrame.new(-20.912, 18.419, 927.573, 0.880280, -0.000000, 0.474455, 0.000000, 1.000000, 0.000000, -0.474455, -0.000000, 0.880280),
        CFrame.new(-380.807, 35.123, 678.163, 0.915341, -0.000000, 0.402679, 0.000000, 1.000000, 0.000000, -0.402679, 0.000000, 0.915341),
        CFrame.new(-252.048, 39.135, 804.587, -0.175896, -0.000000, -0.984409, -0.000000, 1.000000, -0.000000, 0.984409, 0.000000, -0.175896),
        CFrame.new(-156.075, 133.629, 601.806, 0.794045, -0.000000, -0.607859, 0.000000, 1.000000, 0.000000, 0.607859, -0.000000, 0.794045),
        CFrame.new(-29.686, 193.046, 621.971, 0.923170, 0.000000, 0.384391, -0.000000, 1.000000, -0.000000, -0.384391, -0.000000, 0.923170),
        CFrame.new(30.838, 122.484, 340.240, -0.972864, -0.000000, -0.231379, -0.000000, 1.000000, -0.000000, 0.231379, -0.000000, -0.972864),
        CFrame.new(-770.175, 15.971, 385.762, 0.806249, -0.000000, 0.591576, -0.000000, 1.000000, 0.000000, -0.591576, -0.000000, 0.806249),
        CFrame.new(-925.341, 15.247, 65.800, 0.998214, -0.000000, -0.059738, 0.000000, 1.000000, 0.000000, 0.059738, -0.000000, 0.998214),
        CFrame.new(-876.237, 15.426, -293.784, 0.999537, 0.000000, -0.030441, -0.000000, 1.000000, 0.000000, 0.030441, -0.000000, 0.999537),
        CFrame.new(-418.191, 14.998, -754.435, 0.254495, -0.000000, 0.967074, -0.000000, 1.000000, 0.000000, -0.967074, -0.000000, 0.254495),
        CFrame.new(-444.135, 20.839, -376.701, -0.615930, 0.000000, -0.787800, -0.000000, 1.000000, 0.000000, 0.787800, 0.000000, -0.615930),
        CFrame.new(-483.923, 82.639, -177.806, -0.471303, 0.000000, 0.881971, 0.000000, 1.000000, -0.000000, -0.881971, 0.000000, -0.471303),
        CFrame.new(-503.018, 116.094, -60.103, -0.965255, 0.000000, -0.261309, 0.000000, 1.000000, 0.000000, 0.261309, 0.000000, -0.965255),
        CFrame.new(-629.732, 137.707, 311.997, -0.199397, 0.000000, -0.979919, 0.000000, 1.000000, 0.000000, 0.979919, 0.000000, -0.199397)
    },
    ["Blizzard Island"] = {
        CFrame.new(-382.042, 92.995, -3522.306, 0.460438, 0.000000, -0.887692, 0.000000, 1.000000, 0.000000, 0.887692, -0.000000, 0.460438),
        CFrame.new(-758.201, 61.008, -3531.670, 0.276509, 0.000000, 0.961011, 0.000000, 1.000000, -0.000000, -0.961011, 0.000000, 0.276509),
        CFrame.new(-1105.937, 109.860, -3519.610, 0.726535, -0.000000, -0.687130, -0.000000, 1.000000, -0.000000, 0.687130, 0.000000, 0.726535),
        CFrame.new(-1257.574, 62.161, -3631.305, -0.914364, -0.000000, -0.404892, -0.000000, 1.000000, -0.000000, 0.404892, -0.000000, -0.914364),
        CFrame.new(-967.561, 14.404, -3950.552, -0.997720, 0.000000, 0.067482, 0.000000, 1.000000, -0.000000, -0.067482, -0.000000, -0.997720),
        CFrame.new(-728.238, 14.404, -3776.091, -0.382731, 0.000000, -0.923860, -0.000000, 1.000000, 0.000000, 0.923860, 0.000000, -0.382731),
        CFrame.new(-706.962, 60.998, -4103.288, -0.236992, 0.000000, -0.971512, -0.000000, 1.000000, 0.000000, 0.971512, 0.000000, -0.236992),
        CFrame.new(-425.512, 44.028, -4108.528, -0.182664, -0.000000, -0.983175, -0.000000, 1.000000, -0.000000, 0.983175, -0.000000, -0.182664),
        CFrame.new(-93.559, 18.113, -3925.751, -0.259992, -0.000000, -0.965611, -0.000000, 1.000000, -0.000000, 0.965611, -0.000000, -0.259992),
        CFrame.new(146.277, 29.452, -3828.152, -0.754581, 0.000000, -0.656207, -0.000000, 1.000000, 0.000000, 0.656207, 0.000000, -0.754581),
        CFrame.new(513.539, 35.080, -3722.744, -0.805225, -0.000000, -0.592970, -0.000000, 1.000000, -0.000000, 0.592970, -0.000000, -0.805225),
        CFrame.new(689.042, 37.192, -3576.572, -0.837222, -0.000000, -0.546863, -0.000000, 1.000000, -0.000000, 0.546863, -0.000000, -0.837222),
        CFrame.new(869.162, 22.305, -3565.883, 0.161352, 0.000000, -0.986897, -0.000000, 1.000000, -0.000000, 0.986897, 0.000000, 0.161352),
        CFrame.new(1215.247, 19.139, -3584.557, -0.917856, -0.000000, -0.396913, -0.000000, 1.000000, -0.000000, 0.396913, -0.000000, -0.917856),
        CFrame.new(660.312, 15.404, -3308.462, 0.009147, -0.000000, 0.999958, -0.000000, 1.000000, 0.000000, -0.999958, -0.000000, 0.009147),
        CFrame.new(178.478, 14.537, -3340.854, 0.082006, -0.000000, 0.996632, -0.000000, 1.000000, 0.000000, -0.996632, -0.000000, 0.082006),
        CFrame.new(-165.832, 92.998, -3478.214, 0.793830, -0.000000, 0.608140, 0.000000, 1.000000, 0.000000, -0.608140, -0.000000, 0.793830)
    },
      ["Forest Island"] = {
        CFrame.new(-7472.860, 28.764, 4463.595, 0.551560, 0.000000, 0.834135, 0.000000, 1.000000, -0.000000, -0.834135, 0.000000, 0.551560),
        CFrame.new(-7535.876, 32.325, 4238.738, 0.068780, 0.000000, 0.997632, 0.000000, 1.000000, -0.000000, -0.997632, 0.000000, 0.068780),
        CFrame.new(-7545.947, 37.404, 4098.649, -0.198445, -0.000000, 0.980112, -0.000000, 1.000000, 0.000000, -0.980112, 0.000000, -0.198445),
        CFrame.new(-7684.951, 40.998, 3959.780, 0.147014, 0.000000, 0.989134, -0.000000, 1.000000, -0.000000, -0.989134, 0.000000, 0.147014),
        CFrame.new(-7848.366, 45.537, 4018.761, -0.623656, 0.000000, 0.781699, 0.000000, 1.000000, -0.000000, -0.781699, -0.000000, -0.623656),
        CFrame.new(-7997.114, 48.987, 4179.415, 0.798752, 0.000000, 0.601661, -0.000000, 1.000000, -0.000000, -0.601661, 0.000000, 0.798752),
        CFrame.new(-8099.335, 34.141, 3889.042, 0.999798, -0.000000, 0.020097, 0.000000, 1.000000, -0.000000, -0.020097, 0.000000, 0.999798),
        CFrame.new(-8042.408, 20.998, 3701.553, 0.999915, 0.000000, 0.013039, -0.000000, 1.000000, 0.000000, -0.013039, -0.000000, 0.999915),
        CFrame.new(-7689.577, 51.595, 3598.035, 0.535114, 0.000000, 0.844780, 0.000000, 1.000000, -0.000000, -0.844780, 0.000000, 0.535114),
        CFrame.new(-7575.774, 17.483, 3334.014, 0.082241, 0.000000, -0.996612, 0.000000, 1.000000, 0.000000, 0.996612, -0.000000, 0.082241),
        CFrame.new(-7764.240, 20.998, 3233.584, -0.684193, -0.000000, 0.729301, -0.000000, 1.000000, 0.000000, -0.729301, -0.000000, -0.684193),
        CFrame.new(-7949.454, 24.971, 3231.008, 0.345593, -0.000000, 0.938385, 0.000000, 1.000000, 0.000000, -0.938385, -0.000000, 0.345593),
        CFrame.new(-7901.335, 20.971, 3084.170, 0.578636, 0.000000, -0.815586, -0.000000, 1.000000, 0.000000, 0.815586, -0.000000, 0.578636),
        CFrame.new(-8060.973, 24.998, 2915.217, 0.955658, 0.000000, 0.294479, 0.000000, 1.000000, -0.000000, -0.294479, 0.000000, 0.955658),
        CFrame.new(-8177.794, 16.998, 2739.041, -0.257516, -0.000000, 0.966274, 0.000000, 1.000000, 0.000000, -0.966274, 0.000000, -0.257516),
        CFrame.new(-7852.313, 17.017, 2649.995, 0.726514, 0.000000, -0.687151, -0.000000, 1.000000, 0.000000, 0.687151, 0.000000, 0.726514),
        CFrame.new(-7552.338, 18.441, 2621.408, 0.261372, -0.000000, -0.965238, 0.000000, 1.000000, -0.000000, 0.965238, -0.000000, 0.261372),
        CFrame.new(-7572.040, 23.101, 2814.098, -0.796524, -0.000000, 0.604607, 0.000000, 1.000000, 0.000000, -0.604607, 0.000000, -0.796524),
        CFrame.new(-8304.572, 18.548, 3097.513, -0.745587, -0.000000, 0.666408, 0.000000, 1.000000, 0.000000, -0.666408, 0.000000, -0.745587),
        CFrame.new(-8208.253, 24.460, 3482.972, -0.837417, 0.000000, -0.546565, 0.000000, 1.000000, 0.000000, 0.546565, 0.000000, -0.837417),
        CFrame.new(-8240.987, 18.951, 3839.143, -0.966695, 0.000000, 0.255932, 0.000000, 1.000000, -0.000000, -0.255932, -0.000000, -0.966695),
        CFrame.new(-8305.184, 19.335, 4191.374, -0.999586, -0.000000, -0.028773, -0.000000, 1.000000, -0.000000, 0.028773, -0.000000, -0.999586),
        CFrame.new(-8239.147, 18.951, 4445.735, -0.848891, 0.000000, -0.528567, -0.000000, 1.000000, 0.000000, 0.528567, 0.000000, -0.848891),
        CFrame.new(-7883.821, 18.951, 4732.082, 0.055220, -0.000000, -0.998474, 0.000000, 1.000000, -0.000000, 0.998474, -0.000000, 0.055220),
        CFrame.new(-7518.997, 58.069, 3746.335, -0.113768, 0.000000, -0.993507, -0.000000, 1.000000, 0.000000, 0.993507, 0.000000, -0.113768),
        CFrame.new(-7607.815, 111.891, 3781.745, -0.867879, 0.000000, 0.496775, -0.000000, 1.000000, -0.000000, -0.496775, -0.000000, -0.867879)
    },
    ["Royal Island"] = {
        CFrame.new(-72.123, 81.097, -5076.466, -0.619706, -0.000000, 0.784834, -0.000000, 1.000000, 0.000000, -0.784834, -0.000000, -0.619706),
        CFrame.new(-209.632, 55.156, -5209.898, -0.154395, 0.000000, 0.988009, 0.000000, 1.000000, -0.000000, -0.988009, 0.000000, -0.154395),
        CFrame.new(27.947, 40.998, -5560.313, 0.377881, 0.000000, -0.925854, -0.000000, 1.000000, -0.000000, 0.925854, 0.000000, 0.377881),
        CFrame.new(-424.829, 74.496, -5903.549, -0.919306, 0.000000, 0.393543, 0.000000, 1.000000, 0.000000, -0.393543, 0.000000, -0.919306),
        CFrame.new(-481.518, 137.520, -6073.541, 0.520545, -0.000000, 0.853834, -0.000000, 1.000000, 0.000000, -0.853834, -0.000000, 0.520545),
        CFrame.new(-612.957, 208.595, -6277.108, 0.995154, 0.000000, -0.098330, -0.000000, 1.000000, -0.000000, 0.098330, 0.000000, 0.995154),
        CFrame.new(-640.990, 275.037, -6525.042, 0.491454, -0.000000, 0.870903, 0.000000, 1.000000, 0.000000, -0.870903, 0.000000, 0.491454),
        CFrame.new(-789.431, 284.302, -6500.426, 0.986291, 0.000000, 0.165016, -0.000000, 1.000000, 0.000000, -0.165016, -0.000000, 0.986291),
        CFrame.new(-478.821, 24.998, -6492.742, -0.855233, 0.000000, 0.518244, 0.000000, 1.000000, -0.000000, -0.518244, 0.000000, -0.855233),
        CFrame.new(98.136, 57.357, -6496.738, 0.462515, 0.000000, -0.886611, 0.000000, 1.000000, 0.000000, 0.886611, -0.000000, 0.462515),
        CFrame.new(247.551, 24.998, -6520.478, 0.132216, -0.000000, -0.991221, 0.000000, 1.000000, -0.000000, 0.991221, 0.000000, 0.132216),
        CFrame.new(183.846, 25.728, -6420.287, -0.964619, 0.000000, 0.263648, 0.000000, 1.000000, -0.000000, -0.263648, -0.000000, -0.964619),
        CFrame.new(292.436, 32.998, -6029.453, -0.997315, -0.000000, -0.073233, -0.000000, 1.000000, -0.000000, 0.073233, -0.000000, -0.997315),
        CFrame.new(225.520, 56.982, -5711.718, -0.793371, 0.000000, -0.608738, 0.000000, 1.000000, 0.000000, 0.608738, 0.000000, -0.793371),
        CFrame.new(514.783, 69.082, -5562.985, -0.765907, -0.000000, -0.642951, -0.000000, 1.000000, -0.000000, 0.642951, -0.000000, -0.765907),
        CFrame.new(769.309, 60.830, -5532.214, 0.919211, 0.000000, -0.393766, -0.000000, 1.000000, -0.000000, 0.393766, 0.000000, 0.919211),
        CFrame.new(953.228, 53.977, -5724.733, 0.973086, 0.000000, -0.230442, 0.000000, 1.000000, 0.000000, 0.230442, -0.000000, 0.973086),
        CFrame.new(1086.085, 31.402, -6151.646, 0.701825, -0.000000, -0.712349, 0.000000, 1.000000, -0.000000, 0.712349, 0.000000, 0.701825)
    },
    ["Desert Island"] = {
        CFrame.new(1057.257, 64.998, 3448.428, 0.089481, 0.000000, 0.995988, -0.000000, 1.000000, -0.000000, -0.995988, -0.000000, 0.089481),
        CFrame.new(1132.570, 15.370, 3667.140, -0.879080, 0.000000, -0.476674, -0.000000, 1.000000, 0.000000, 0.476674, 0.000000, -0.879080),
        CFrame.new(1375.584, 16.400, 3794.933, -0.437227, 0.000000, -0.899351, -0.000000, 1.000000, 0.000000, 0.899351, 0.000000, -0.437227),
        CFrame.new(1480.055, 31.172, 4003.031, -0.452688, 0.000000, 0.891669, -0.000000, 1.000000, -0.000000, -0.891669, -0.000000, -0.452688),
        CFrame.new(1280.563, 125.093, 3976.117, 0.833706, -0.000000, 0.552209, 0.000000, 1.000000, 0.000000, -0.552209, -0.000000, 0.833706),
        CFrame.new(1072.918, 124.989, 3931.746, -0.265551, 0.000000, 0.964097, -0.000000, 1.000000, -0.000000, -0.964097, -0.000000, -0.265551),
        CFrame.new(803.771, 125.089, 3962.484, -0.258191, -0.000000, 0.966094, -0.000000, 1.000000, 0.000000, -0.966094, 0.000000, -0.258191),
        CFrame.new(561.074, 125.183, 4054.734, -0.380536, -0.000000, 0.924766, -0.000000, 1.000000, 0.000000, -0.924766, 0.000000, -0.380536),
        CFrame.new(547.330, 17.074, 4279.596, 0.902964, -0.000000, 0.429716, 0.000000, 1.000000, 0.000000, -0.429716, 0.000000, 0.902964),
        CFrame.new(444.411, 15.404, 4438.446, -0.999448, 0.000000, -0.033216, 0.000000, 1.000000, 0.000000, 0.033216, 0.000000, -0.999448),
        CFrame.new(581.363, 45.373, 4506.168, 0.811399, 0.000000, 0.584493, -0.000000, 1.000000, -0.000000, -0.584493, 0.000000, 0.811399),
        CFrame.new(687.038, 124.998, 4353.153, 0.099777, -0.000000, -0.995010, 0.000000, 1.000000, -0.000000, 0.995010, -0.000000, 0.099777),
        CFrame.new(966.561, 125.118, 4342.621, 0.264482, -0.000000, -0.964391, -0.000000, 1.000000, -0.000000, 0.964391, 0.000000, 0.264482),
        CFrame.new(1344.608, 103.504, 4317.035, -0.869061, 0.000000, -0.494705, -0.000000, 1.000000, 0.000000, 0.494705, 0.000000, -0.869061),
        CFrame.new(1319.893, 15.404, 4539.259, -0.884852, 0.000000, 0.465871, 0.000000, 1.000000, -0.000000, -0.465871, -0.000000, -0.884852),
        CFrame.new(1484.599, 15.404, 4258.654, 0.942722, -0.000000, 0.333579, 0.000000, 1.000000, -0.000000, -0.333579, 0.000000, 0.942722),
        CFrame.new(1720.102, 63.150, 4254.261, -0.034687, -0.000000, -0.999398, -0.000000, 1.000000, -0.000000, 0.999398, 0.000000, -0.034687),
        CFrame.new(1004.585, 15.431, 4625.405, -0.068486, -0.000000, 0.997652, 0.000000, 1.000000, 0.000000, -0.997652, 0.000000, -0.068486),
        CFrame.new(114.073, 38.638, 4555.410, 0.017780, 0.002914, 0.999838, 0.004563, 0.999985, -0.002995, -0.999831, 0.004616, 0.017766),
        CFrame.new(-84.351, 15.536, 4522.342, 0.281574, 0.000000, 0.959540, -0.000000, 1.000000, -0.000000, -0.959540, 0.000000, 0.281574),
        CFrame.new(-211.976, 77.077, 4458.471, 0.883683, -0.000000, 0.468085, 0.000000, 1.000000, -0.000000, -0.468085, 0.000000, 0.883683),
        CFrame.new(-425.070, 24.569, 4420.184, 0.493990, 0.000000, 0.869468, -0.000000, 1.000000, -0.000000, -0.869468, -0.000000, 0.493990),
        CFrame.new(-761.432, 17.434, 4420.783, 0.303166, -0.000000, 0.952938, 0.000000, 1.000000, 0.000000, -0.952938, 0.000000, 0.303166),
        CFrame.new(-1081.539, 34.009, 4359.438, -0.113532, -0.000000, 0.993534, -0.000000, 1.000000, 0.000000, -0.993534, -0.000000, -0.11353),
        CFrame.new(-925.370, 16.098, 4174.521, 0.317470, 0.000000, -0.948268, 0.000000, 1.000000, 0.000000, 0.948268, -0.000000, 0.317470),
        CFrame.new(-925.370, 16.098, 4174.521, 0.317470, 0.000000, -0.948268, 0.000000, 1.000000, 0.000000, 0.948268, -0.000000, 0.317470),
        CFrame.new(-448.702, 74.692, 3720.310, 0.717594, 0.000000, -0.696462, -0.000000, 1.000000, 0.000000, 0.696462, 0.000000, 0.717594),
        CFrame.new(-210.401, 69.401, 3578.062, 0.320887, -0.000000, -0.947117, 0.000000, 1.000000, -0.000000, 0.947117, 0.000000, 0.320887),
        CFrame.new(172.042, 65.213, 3368.040, 0.334159, -0.000000, -0.942517, -0.000000, 1.000000, -0.000000, 0.942517, 0.000000, 0.334159),
        CFrame.new(406.814, 47.485, 3346.744, -0.148952, -0.000000, -0.988844, 0.000000, 1.000000, -0.000000, 0.988844, -0.000000, -0.148952),
        CFrame.new(325.440, 15.404, 3600.470, -0.519839, 0.000000, 0.854264, 0.000000, 1.000000, -0.000000, -0.854264, -0.000000, -0.519839),
        CFrame.new(85.659, 15.404, 3927.667, -0.657984, -0.000000, 0.753032, -0.000000, 1.000000, 0.000000, -0.753032, 0.000000, -0.657984),
        CFrame.new(-59.720, 15.404, 4080.630, -0.745152, -0.000000, 0.666895, -0.000000, 1.000000, 0.000000, -0.666895, -0.000000, -0.745152),
        CFrame.new(-214.535, 15.404, 4034.627, -0.180478, -0.000000, 0.983579, 0.000000, 1.000000, 0.000000, -0.983579, 0.000000, -0.180478),
        CFrame.new(-361.872, 17.675, 4156.984, -0.662197, -0.000000, 0.749330, -0.000000, 1.000000, 0.000000, -0.749330, 0.000000, -0.662197),
        CFrame.new(-189.597, 15.404, 4205.576, 0.962794, 0.000000, 0.270236, -0.000000, 1.000000, -0.000000, -0.270236, 0.000000, 0.962794),
        CFrame.new(62.058, 15.404, 4269.560, 0.020223, 0.000000, -0.999795, 0.000000, 1.000000, 0.000000, 0.999795, -0.000000, 0.020223),
        CFrame.new(476.299, 15.404, 3826.276, 0.890786, -0.000000, -0.454423, -0.000000, 1.000000, -0.000000, 0.454423, 0.000000, 0.890786)
    },
    ["Glacier Island"] = {
        CFrame.new(2400.878, -10.504, -3.798, -0.293389, 0.000000, 0.955993, -0.000000, 1.000000, -0.000000, -0.955993, -0.000000, -0.293389),
        CFrame.new(2197.143, 25.029, 51.597, -0.895651, -0.000000, 0.444758, -0.000000, 1.000000, -0.000000, -0.444758, -0.000000, -0.895651),
        CFrame.new(2993.914, -7.018, 89.664, 0.920103, 0.000000, 0.391677, -0.000000, 1.000000, 0.000000, -0.391677, -0.000000, 0.920103),
        CFrame.new(3254.097, -7.002, 78.091, 0.039642, 0.000000, -0.999214, -0.000000, 1.000000, 0.000000, 0.999214, -0.000000, 0.039642),
        CFrame.new(3527.007, -7.002, 77.846, -0.293532, -0.000000, -0.955949, 0.000000, 1.000000, -0.000000, 0.955949, -0.000000, -0.293532),
        CFrame.new(3183.226, 82.592, -231.937, -0.819137, 0.000000, 0.573598, 0.000000, 1.000000, -0.000000, -0.573598, 0.000000, -0.819137),
        CFrame.new(3272.057, 82.592, -113.594, -0.837187, -0.000000, -0.546917, 0.000000, 1.000000, -0.000000, 0.546917, -0.000000, -0.837187),
        CFrame.new(3364.805, 82.592, -71.182, 0.110966, -0.000000, -0.993824, -0.000000, 1.000000, -0.000000, 0.993824, 0.000000, 0.110966),
        CFrame.new(3132.977, 82.592, -128.275, 0.043340, -0.000000, 0.999060, -0.000000, 1.000000, 0.000000, -0.999060, -0.000000, 0.043340),
        CFrame.new(3198.475, 116.948, -412.867, 0.273361, -0.000000, 0.961911, -0.000000, 1.000000, 0.000000, -0.961911, -0.000000, 0.273361),
        CFrame.new(2849.397, 116.998, -367.796, -0.000623, -0.000000, 1.000000, 0.000000, 1.000000, 0.000000, -1.000000, 0.000000, -0.000623),
        CFrame.new(2618.713, 116.389, -379.632, 0.715373, 0.000000, 0.698743, -0.000000, 1.000000, -0.000000, -0.698743, -0.000000, 0.715373),
        CFrame.new(2563.353, 116.389, -728.223, 0.861281, -0.000000, -0.508129, 0.000000, 1.000000, -0.000000, 0.508129, 0.000000, 0.861281),
        CFrame.new(2389.108, 116.998, -475.673, -0.162055, -0.000000, 0.986782, 0.000000, 1.000000, 0.000000, -0.986782, 0.000000, -0.162055),
        CFrame.new(2292.616, 116.998, -542.623, 0.897960, -0.000000, 0.440077, -0.000000, 1.000000, 0.000000, -0.440077, -0.000000, 0.897960),
        CFrame.new(2183.349, 166.967, -405.284, -0.527489, -0.000000, 0.849562, 0.000000, 1.000000, 0.000000, -0.849562, 0.000000, -0.527489),
        CFrame.new(2053.532, 173.773, -469.023, -0.073158, -0.000000, 0.997320, 0.000000, 1.000000, 0.000000, -0.997320, 0.000000, -0.073158),
        CFrame.new(2197.752, 186.264, -596.579, 0.316232, 0.000000, -0.948682, 0.000000, 1.000000, 0.000000, 0.948682, -0.000000, 0.316232),
        CFrame.new(2416.479, 186.264, -599.388, 0.075444, -0.000000, -0.997150, 0.000000, 1.000000, -0.000000, 0.997150, 0.000000, 0.075444),
        CFrame.new(2702.472, 193.545, -634.575, -0.066647, 0.000000, -0.997777, -0.000000, 1.000000, 0.000000, 0.997777, 0.000000, -0.066647),
        CFrame.new(2692.565, 193.534, -766.698, 0.796939, -0.000000, -0.604060, -0.000000, 1.000000, -0.000000, 0.604060, 0.000000, 0.796939),
        CFrame.new(2768.410, 201.882, -1040.510, 0.999988, -0.000000, 0.004846, 0.000000, 1.000000, 0.000000, -0.004846, -0.000000, 0.999988),
        CFrame.new(2815.325, 200.576, -993.692, -0.470508, 0.000000, -0.882396, 0.000000, 1.000000, 0.000000, 0.882396, 0.000000, -0.470508),
        CFrame.new(2662.499, 224.998, -1049.144, -0.962307, 0.000000, 0.271965, 0.000000, 1.000000, -0.000000, -0.271965, -0.000000, -0.962307),
        CFrame.new(2556.227, 255.216, -915.980, 0.495420, 0.000000, 0.868654, 0.000000, 1.000000, -0.000000, -0.868654, 0.000000, 0.495420),
        CFrame.new(2487.840, 255.217, -927.118, -0.403209, 0.000000, 0.915108, 0.000000, 1.000000, -0.000000, -0.915108, -0.000000, -0.403209),
        CFrame.new(2425.859, 275.749, -1105.462, 0.892337, -0.000000, 0.451369, 0.000000, 1.000000, -0.000000, -0.451369, 0.000000, 0.892337),
        CFrame.new(2358.345, 280.232, -1206.390, 0.825089, 0.000000, 0.565002, 0.000000, 1.000000, -0.000000, -0.565002, 0.000000, 0.825089),
        CFrame.new(2351.815, 256.992, -887.120, -0.794428, -0.000000, 0.607358, 0.000000, 1.000000, 0.000000, -0.607358, 0.000000, -0.794428),
        CFrame.new(2135.493, 255.326, -878.545, -0.188005, 0.000000, 0.982168, -0.000000, 1.000000, -0.000000, -0.982168, -0.000000, -0.188005),
        CFrame.new(2216.487, 316.845, -1213.264, -0.910133, 0.000000, -0.414316, 0.000000, 1.000000, 0.000000, 0.414316, 0.000000, -0.910133),
        CFrame.new(2070.611, 360.757, -1132.188, -0.641953, 0.000000, -0.766744, 0.000000, 1.000000, 0.000000, 0.766744, 0.000000, -0.641953),
        CFrame.new(2073.024, 329.226, -1267.795, -0.401489, -0.000000, -0.915864, -0.000000, 1.000000, -0.000000, 0.915864, 0.000000, -0.401489),
        CFrame.new(3052.000, 146.935, -1236.844, 0.061776, -0.000000, -0.998090, 0.000000, 1.000000, -0.000000, 0.998090, -0.000000, 0.061776),
        CFrame.new(3003.948, 148.815, -1124.271, -0.980462, 0.000000, -0.196708, 0.000000, 1.000000, -0.000000, 0.196708, -0.000000, -0.980462),
        CFrame.new(3216.661, 146.842, -1222.549, 0.482906, 0.000000, -0.875672, -0.000000, 1.000000, 0.000000, 0.875672, 0.000000, 0.482906),
        CFrame.new(3172.916, 146.842, -997.427, -0.904359, 0.000000, 0.426773, -0.000000, 1.000000, -0.000000, -0.426773, -0.000000, -0.904359),
        CFrame.new(3027.217, 154.722, -680.357, -0.751371, 0.000000, 0.659880, -0.000000, 1.000000, -0.000000, -0.659880, -0.000000, -0.751371),
        CFrame.new(2987.953, 147.525, -861.088, 0.656116, 0.000000, -0.754660, 0.000000, 1.000000, 0.000000, 0.754660, -0.000000, 0.656116),
        CFrame.new(3392.629, 147.122, -737.173, -0.744118, -0.000000, 0.668049, -0.000000, 1.000000, -0.000000, -0.668049, -0.000000, -0.744118),
        CFrame.new(3160.088, 147.395, -597.373, -0.905875, 0.000000, -0.423546, 0.000000, 1.000000, 0.000000, 0.423546, -0.000000, -0.905875),
        CFrame.new(3007.762, 28.994, -757.581, -0.616086, -0.000000, 0.787679, 0.000000, 1.000000, 0.000000, -0.787679, 0.000000, -0.616086),
        CFrame.new(2821.434, 31.060, -722.676, -0.161401, 0.000000, -0.986889, -0.000000, 1.000000, 0.000000, 0.986889, 0.000000, -0.161401),
        CFrame.new(2885.220, 27.186, -620.042, 0.929208, -0.000000, 0.369558, 0.000000, 1.000000, 0.000000, -0.369558, -0.000000, 0.929208),
        CFrame.new(3200.757, -7.745, -755.416, -0.109131, -0.000000, 0.994027, -0.000000, 1.000000, 0.000000, -0.994027, -0.000000, -0.109131),
        CFrame.new(3150.148, -7.018, -989.735, 0.789689, 0.000000, 0.613507, -0.000000, 1.000000, 0.000000, -0.613507, -0.000000, 0.789689),
        CFrame.new(2523.225, -7.002, -503.811, -0.941150, 0.000000, 0.337988, 0.000000, 1.000000, 0.000000, -0.337988, 0.000000, -0.941150),
        CFrame.new(2536.531, -7.002, -396.331, -0.998193, -0.000000, -0.060086, -0.000000, 1.000000, 0.000000, 0.060086, 0.000000, -0.998193),
        CFrame.new(2378.865, -7.018, -490.483, -0.807392, 0.000000, 0.590016, 0.000000, 1.000000, -0.000000, -0.590016, -0.000000, -0.807392)
    },
    ["Mountain Island"] = {
        CFrame.new(-7214.773, 32.530, 287.288, 0.491617, 0.000000, -0.870812, -0.000000, 1.000000, 0.000000, 0.870812, -0.000000, 0.491617),
        CFrame.new(-7006.402, 126.644, 165.479, 0.217954, -0.000000, -0.975959, -0.000000, 1.000000, -0.000000, 0.975959, 0.000000, 0.217954),
        CFrame.new(-6841.190, 165.338, 185.724, 0.867930, -0.000000, 0.496686, -0.000000, 1.000000, 0.000000, -0.496686, -0.000000, 0.867930),
        CFrame.new(-6797.834, 228.663, 62.782, 0.984083, -0.000000, 0.177709, 0.000000, 1.000000, -0.000000, -0.177709, 0.000000, 0.984083),
        CFrame.new(-6774.866, 276.932, -98.017, 0.214142, 0.000000, -0.976802, -0.000000, 1.000000, -0.000000, 0.976802, 0.000000, 0.214142),
        CFrame.new(-6607.875, 372.998, -286.469, -0.661203, 0.000000, 0.750207, 0.000000, 1.000000, 0.000000, -0.750207, 0.000000, -0.661203),
        CFrame.new(-6666.319, 320.369, -264.341, 0.773879, 0.000000, -0.633334, -0.000000, 1.000000, -0.000000, 0.633334, 0.000000, 0.773879),
        CFrame.new(-6524.053, 276.998, -69.672, 0.499362, 0.000000, -0.866393, -0.000000, 1.000000, 0.000000, 0.866393, -0.000000, 0.499362),
        CFrame.new(-6669.441, 224.874, 70.515, -0.119839, -0.000000, 0.992793, -0.000000, 1.000000, 0.000000, -0.992793, -0.000000, -0.119839),
        CFrame.new(-6757.290, 9.018, 415.531, 0.980146, -0.000000, 0.198276, 0.000000, 1.000000, 0.000000, -0.198276, -0.000000, 0.980146),
        CFrame.new(-6487.353, 46.925, 288.247, 0.512483, -0.000000, -0.858697, 0.000000, 1.000000, -0.000000, 0.858697, 0.000000, 0.512483),
        CFrame.new(-6236.704, 32.997, 149.049, 0.930303, -0.000000, -0.366792, 0.000000, 1.000000, -0.000000, 0.366792, 0.000000, 0.930303),
        CFrame.new(-5920.666, 32.998, 18.426, -0.061217, -0.000000, -0.998124, -0.000000, 1.000000, -0.000000, 0.998124, -0.000000, -0.061217),
        CFrame.new(-5488.082, 45.074, -88.013, 0.799946, -0.000000, -0.600072, 0.000000, 1.000000, -0.000000, 0.600072, 0.000000, 0.799946),
        CFrame.new(-5615.074, 93.555, -178.742, 0.565122, -0.000000, -0.825007, -0.000000, 1.000000, -0.000000, 0.825007, 0.000000, 0.565122),
        CFrame.new(-5720.867, 137.505, -170.928, -0.990899, 0.000000, 0.134610, 0.000000, 1.000000, -0.000000, -0.134610, -0.000000, -0.990899),
        CFrame.new(-6008.147, 170.706, -124.588, -0.904283, 0.000000, 0.426933, 0.000000, 1.000000, 0.000000, -0.426933, 0.000000, -0.904283),
        CFrame.new(-5866.254, 188.998, -324.966, 0.671534, -0.000000, -0.740974, 0.000000, 1.000000, -0.000000, 0.740974, 0.000000, 0.671534),
        CFrame.new(-6095.032, 196.998, -396.765, -0.112491, -0.000000, 0.993653, -0.000000, 1.000000, 0.000000, -0.993653, -0.000000, -0.112491),
        CFrame.new(-6151.569, 220.829, -269.242, -0.998729, 0.000000, -0.050399, 0.000000, 1.000000, 0.000000, 0.050399, 0.000000, -0.998729),
        CFrame.new(-6252.735, 169.552, -517.140, 0.560569, -0.000000, 0.828108, 0.000000, 1.000000, 0.000000, -0.828108, -0.000000, 0.560569),
        CFrame.new(-6603.163, 12.105, -890.028, 0.627388, -0.000000, 0.778707, 0.000000, 1.000000, 0.000000, -0.778707, -0.000000, 0.627388),
        CFrame.new(-6878.203, 13.671, -1044.889, 0.525436, -0.000000, 0.850833, 0.000000, 1.000000, 0.000000, -0.850833, -0.000000, 0.525436),
        CFrame.new(-7200.269, 109.276, -1177.566, 0.067147, -0.000000, 0.997743, 0.000000, 1.000000, 0.000000, -0.997743, -0.000000, 0.067147),
        CFrame.new(-7228.098, 147.970, -1137.700, -0.723252, 0.000057, 0.690584, 0.000005, 1.000000, -0.000077, -0.690584, -0.000052, -0.723252),
        CFrame.new(-7332.619, 105.113, -1024.005, -0.723782, 0.000000, -0.690029, 0.000000, 1.000000, 0.000000, 0.690029, 0.000000, -0.723782),
        CFrame.new(-7128.717, 127.300, -971.255, -0.120213, 0.000000, -0.992748, 0.000000, 1.000000, 0.000000, 0.992748, -0.000000, -0.120213),
        CFrame.new(-7073.085, 124.991, -733.655, 0.177600, -0.000000, 0.984103, 0.000000, 1.000000, 0.000000, -0.984103, -0.000000, 0.177600),
        CFrame.new(-7255.609, 113.053, -641.237, -0.558652, -0.000000, 0.829402, 0.000000, 1.000000, 0.000000, -0.829402, 0.000000, -0.558652),
        CFrame.new(-7478.791, 13.166, -746.285, -0.017462, 0.000000, 0.999848, -0.000000, 1.000000, -0.000000, -0.999848, -0.000000, -0.017462),
        CFrame.new(-7391.350, 33.294, -1053.469, 0.910577, -0.000000, 0.413340, 0.000000, 1.000000, -0.000000, -0.413340, 0.000000, 0.910577),
        CFrame.new(-7555.564, 19.813, -452.911, -0.941290, -0.000000, -0.337600, -0.000000, 1.000000, -0.000000, 0.337600, -0.000000, -0.941290),
        CFrame.new(-7409.248, 55.013, -427.185, 0.999950, -0.000000, -0.010043, 0.000000, 1.000000, -0.000000, 0.010043, 0.000000, 0.999950),
        CFrame.new(-7095.168, 176.324, -455.400, 0.885353, -0.000000, 0.464919, 0.000000, 1.000000, 0.000000, -0.464919, -0.000000, 0.885353),
        CFrame.new(-7163.932, 240.998, -684.626, -0.427335, -0.000000, -0.904093, -0.000000, 1.000000, -0.000000, 0.904093, -0.000000, -0.427335),
        CFrame.new(-7154.404, 217.219, -930.967, 0.688617, -0.000000, -0.725125, -0.000000, 1.000000, -0.000000, 0.725125, 0.000000, 0.688617),
        CFrame.new(-7256.463, 200.997, -1074.188, 0.712506, 0.000000, 0.701667, -0.000000, 1.000000, -0.000000, -0.701667, 0.000000, 0.712506),
        CFrame.new(-7039.147, 272.293, -690.777, -0.928318, 0.000000, -0.371788, -0.000000, 1.000000, 0.000000, 0.371788, 0.000000, -0.928318),
        CFrame.new(-6896.775, 265.244, -379.438, -0.907239, -0.000000, -0.420616, 0.000000, 1.000000, -0.000000, 0.420616, -0.000000, -0.907239),
        CFrame.new(-6858.708, 263.932, -253.161, -0.963729, 0.000000, -0.266883, -0.000000, 1.000000, 0.000000, 0.266883, 0.000000, -0.963729)
    },
    ["Jungle Island"] = {
        CFrame.new(3242.791, 18.754, 2630.970, -0.903268, 0.000000, -0.429076, 0.000000, 1.000000, 0.000000, 0.429076, 0.000000, -0.903268),
        CFrame.new(3498.283, 46.975, 2810.441, -0.892794, 0.000000, 0.450466, 0.000000, 1.000000, -0.000000, -0.450466, 0.000000, -0.892794),
        CFrame.new(3649.556, 17.309, 2995.035, -0.748639, -0.000000, -0.662978, 0.000000, 1.000000, -0.000000, 0.662978, -0.000000, -0.748639),
        CFrame.new(3544.737, 46.949, 3248.570, -0.991336, 0.000000, -0.131350, 0.000000, 1.000000, -0.000000, 0.131350, -0.000000, -0.991336),
        CFrame.new(3316.892, 45.557, 3499.239, -0.796393, -0.000000, 0.604780, -0.000000, 1.000000, 0.000000, -0.604780, 0.000000, -0.796393),
        CFrame.new(2939.932, 68.979, 3562.033, -0.556870, 0.000000, 0.830600, 0.000000, 1.000000, -0.000000, -0.830600, -0.000000, -0.556870),
        CFrame.new(2937.843, 28.430, 3325.126, 0.971778, -0.000000, -0.235897, 0.000000, 1.000000, 0.000000, 0.235897, -0.000000, 0.971778),
        CFrame.new(3700.291, 43.296, 3469.382, -0.582111, 0.000000, -0.813109, 0.000000, 1.000000, 0.000000, 0.813109, 0.000000, -0.582111),
        CFrame.new(3812.564, 18.167, 3650.845, -0.950636, 0.000000, -0.310308, 0.000000, 1.000000, 0.000000, 0.310308, 0.000000, -0.950636),
        CFrame.new(3936.433, 18.818, 3570.950, 0.107361, 0.000000, -0.994220, 0.000000, 1.000000, 0.000000, 0.994220, -0.000000, 0.107361),
        CFrame.new(3936.433, 18.818, 3570.950, 0.107361, 0.000000, -0.994220, 0.000000, 1.000000, 0.000000, 0.994220, -0.000000, 0.107361),
        CFrame.new(3715.697, 15.403, 4417.625, -0.930706, 0.000000, -0.365767, 0.000000, 1.000000, 0.000000, 0.365767, 0.000000, -0.930706),
        CFrame.new(3980.756, 15.404, 4302.282, -0.026813, -0.000000, -0.999640, -0.000000, 1.000000, -0.000000, 0.999640, 0.000000, -0.026813),
        CFrame.new(4201.835, 120.998, 4027.481, 0.988359, -0.000000, -0.152141, -0.000000, 1.000000, -0.000000, 0.152141, 0.000000, 0.988359),
        CFrame.new(4253.639, 120.998, 3701.066, 0.973689, -0.000000, -0.227881, -0.000000, 1.000000, -0.000000, 0.227881, 0.000000, 0.973689),
        CFrame.new(4250.476, 120.998, 3375.971, 0.998921, 0.000000, 0.046446, -0.000000, 1.000000, -0.000000, -0.046446, 0.000000, 0.998921),
        CFrame.new(4243.121, 15.577, 2533.673, 0.850525, -0.000000, -0.525935, 0.000000, 1.000000, -0.000000, 0.525935, 0.000000, 0.850525),
        CFrame.new(4300.399, 15.404, 2449.880, 0.297536, -0.000000, -0.954711, 0.000000, 1.000000, -0.000000, 0.954711, -0.000000, 0.297536),
        CFrame.new(3826.826, 38.406, 2469.223, 0.534162, -0.000000, 0.845382, 0.000000, 1.000000, 0.000000, -0.845382, 0.000000, 0.534162),
        CFrame.new(3734.817, 21.552, 2657.648, -0.968356, -0.000000, 0.249575, 0.000000, 1.000000, 0.000000, -0.249575, 0.000000, -0.968356),
        CFrame.new(3997.381, 120.998, 2186.975, 0.999624, -0.000000, -0.027403, 0.000000, 1.000000, -0.000000, 0.027403, 0.000000, 0.999624),
        CFrame.new(3957.398, 127.028, 1994.268, 0.370745, -0.000000, 0.928735, -0.000000, 1.000000, 0.000000, -0.928735, -0.000000, 0.370745),
        CFrame.new(3582.243, 45.969, 2037.649, 0.970824, 0.000000, 0.239791, -0.000000, 1.000000, -0.000000, -0.239791, 0.000000, 0.970824),
        CFrame.new(4194.147, 15.404, 1539.364, -0.514991, -0.000000, 0.857196, 0.000000, 1.000000, 0.000000, -0.857196, 0.000000, -0.514991),
        CFrame.new(4145.227, 15.404, 1209.603, 0.930009, -0.000000, 0.367536, -0.000000, 1.000000, 0.000000, -0.367536, -0.000000, 0.930009),
        CFrame.new(3646.035, 120.998, 1108.057, 0.073999, -0.000000, 0.997258, -0.000000, 1.000000, 0.000000, -0.997258, -0.000000, 0.073999),
        CFrame.new(3560.289, 132.848, 707.446, 0.977682, -0.000000, 0.210090, -0.000000, 1.000000, 0.000000, -0.210090, -0.000000, 0.977682),
        CFrame.new(3380.594, 120.998, 434.143, 0.623593, -0.000000, 0.781749, -0.000000, 1.000000, 0.000000, -0.781749, -0.000000, 0.623593),
        CFrame.new(3283.650, 15.404, 902.778, 0.945511, -0.000000, 0.325591, 0.000000, 1.000000, 0.000000, -0.325591, 0.000000, 0.945511),
        CFrame.new(3169.369, 36.436, 1101.109, -0.406628, -0.000000, 0.913594, 0.000000, 1.000000, 0.000000, -0.913594, 0.000000, -0.406628),
        CFrame.new(3185.811, 73.948, 1215.060, -0.962469, 0.000000, -0.271392, 0.000000, 1.000000, -0.000000, 0.271392, -0.000000, -0.962469),
        CFrame.new(3179.302, 86.346, 1346.582, 0.643434, 0.000000, 0.765502, -0.000000, 1.000000, 0.000000, -0.765502, -0.000000, 0.643434),
        CFrame.new(3329.037, 29.141, 1537.636, -0.916502, -0.000000, 0.400030, 0.000000, 1.000000, 0.000000, -0.400030, 0.000000, -0.916502),
        CFrame.new(3527.567, 33.152, 1496.425, -0.917907, 0.000000, -0.396795, 0.000000, 1.000000, -0.000000, 0.396795, -0.000000, -0.917907),
        CFrame.new(3447.305, 16.998, 1782.471, -0.830702, 0.000000, 0.556717, 0.000000, 1.000000, -0.000000, -0.556717, -0.000000, -0.830702),
        CFrame.new(2908.122, 66.767, 2025.434, -0.258916, -0.000000, 0.965900, -0.000000, 1.000000, 0.000000, -0.965900, -0.000000, -0.258916)
    },
     ["Lunar Islands"] = {
        CFrame.new(-3848.084, 13.858, -2062.724, 0.954432, -0.000000, 0.298429, -0.000000, 1.000000, 0.000000, -0.298429, -0.000000, 0.954432),
        CFrame.new(-3615.102, 29.024, -2338.882, 0.619280, 0.000000, -0.785170, 0.000000, 1.000000, 0.000000, 0.785170, -0.000000, 0.619280),
        CFrame.new(-3615.102, 28.968, -2338.882, 0.619280, -0.000000, -0.785170, -0.000000, 1.000000, -0.000000, 0.785170, 0.000000, 0.619280),
        CFrame.new(-3325.056, 15.404, -2555.110, 0.962541, 0.000000, 0.271135, -0.000000, 1.000000, -0.000000, -0.271135, 0.000000, 0.962541),
        CFrame.new(-2988.803, 129.599, -2990.796, 0.638774, 0.000000, -0.769394, 0.000000, 1.000000, 0.000000, 0.769394, -0.000000, 0.638774),
        CFrame.new(-2895.019, 204.949, -2927.568, -0.737933, 0.000000, -0.674874, -0.000000, 1.000000, 0.000000, 0.674874, 0.000000, -0.737933),
        CFrame.new(-2527.140, 180.883, -3042.093, 0.246609, 0.000000, -0.969115, 0.000000, 1.000000, 0.000000, 0.969115, -0.000000, 0.246609),
        CFrame.new(-2600.961, 185.327, -3373.617, 0.859072, 0.000000, 0.511855, -0.000000, 1.000000, 0.000000, -0.511855, -0.000000, 0.859072),
        CFrame.new(-2750.094, 63.254, -3574.267, -0.692174, 0.000000, 0.721731, -0.000000, 1.000000, -0.000000, -0.721731, -0.000000, -0.692174),
        CFrame.new(-2836.744, 15.404, -3682.515, 0.519055, 0.000000, -0.854741, 0.000000, 1.000000, 0.000000, 0.854741, -0.000000, 0.519055),
        CFrame.new(-3159.135, 55.030, -3768.750, -0.752918, 0.000000, 0.658115, 0.000000, 1.000000, -0.000000, -0.658115, -0.000000, -0.752918),
        CFrame.new(-3259.411, 129.574, -4054.177, 0.993008, 0.000000, 0.118048, -0.000000, 1.000000, -0.000000, -0.118048, 0.000000, 0.993008),
        CFrame.new(-3402.317, 127.905, -4239.881, 0.625049, 0.000000, 0.780585, -0.000000, 1.000000, -0.000000, -0.780585, -0.000000, 0.625049),
        CFrame.new(-3688.774, 146.333, -4278.259, -0.041952, -0.000000, 0.999120, 0.000000, 1.000000, 0.000000, -0.999120, 0.000000, -0.041952),
        CFrame.new(-3627.743, 147.442, -3693.322, -0.368103, 0.000000, -0.929785, -0.000000, 1.000000, 0.000000, 0.929785, 0.000000, -0.368103),
        CFrame.new(-3535.550, 12.240, -4048.549, 0.901751, -0.000000, -0.432257, 0.000000, 1.000000, -0.000000, 0.432257, 0.000000, 0.901751),
        CFrame.new(-3386.680, 149.475, -3687.410, 0.574820, 0.000000, -0.818280, 0.000000, 1.000000, 0.000000, 0.818280, -0.000000, 0.574820),
        CFrame.new(-3391.785, 20.899, -3454.754, 0.169722, 0.000000, 0.985492, -0.000000, 1.000000, -0.000000, -0.985492, -0.000000, 0.169722),
        CFrame.new(-3148.866, 15.275, -3034.570, 0.948468, 0.000000, -0.316873, -0.000000, 1.000000, -0.000000, 0.316873, 0.000000, 0.948468),
        CFrame.new(-3325.533, 25.653, -2425.765, -0.823623, 0.000000, -0.567137, -0.000000, 1.000000, 0.000000, 0.567137, 0.000000, -0.823623),
        CFrame.new(-3553.793, 17.142, -1642.600, -0.912142, 0.000000, -0.409875, -0.000000, 1.000000, 0.000000, 0.409875, 0.000000, -0.912142),
        CFrame.new(-3397.513, 27.252, -1431.277, 0.993105, -0.000000, 0.117232, 0.000000, 1.000000, -0.000000, -0.117232, 0.000000, 0.993105),
        CFrame.new(-3292.648, 35.424, -893.182, -0.600277, 0.000000, -0.799792, 0.000000, 1.000000, 0.000000, 0.799792, -0.000000, -0.600277),
        CFrame.new(-3026.764, 24.863, -790.847, -0.250915, 0.000000, -0.968009, 0.000000, 1.000000, 0.000000, 0.968009, -0.000000, -0.250915),
        CFrame.new(-2707.063, 56.112, -745.312, -0.129162, -0.000000, -0.991623, 0.000000, 1.000000, -0.000000, 0.991623, -0.000000, -0.129162),
        CFrame.new(-2345.119, 106.512, -931.376, -0.187430, 0.000000, -0.982278, 0.000000, 1.000000, 0.000000, 0.982278, -0.000000, -0.187430),
